     0      0      0      0      0      0      0      0      0      0      0 -10600      0      0      0      0      0      0      0      0      0      0      0      0 
     0      0      0      0      0      0      0      0      0      0      0      0      0      0      0      0      0      0      0      0      0      0      0      0 
     0      0      0      0      0      0      0      0      0      0      0      0      0      0      0      0      0      0      0      0      0      0      0      0 
     0      0      0      0      0      0      0      0      0      0      0      0      0      0      0      0      0      0      0      0      0      0      0      0 
     0      0      0      0      0      0      0      0      0      0      0      0      0      0      0      0      0      0      0      0      0      0      0      0 
     0      0      0      0      0      0      0      0      0      0      0      0      0      0      0      0      0      0      0      0      0      0      0      0 
     0      0      0      0      0      0      0      0      0      0      0      0      0      0      0      0      0      0      0      0      0      0      0      0 
     0      0      0      0      0      0      0      0      0      0      0      0      0      0      0      0      0      0      0      0      0      0      0      0 
     0      0      0      0      0      0      0      0      0      0      0      0      0      0      0      0      0      0      0      0      0      0      0      0 
     0      0      0      0      0      0      0      0      0      0      0      0      0      0      0      0      0      0      0      0      0      0      0      0 
     0      0      0      0      0      0      0      0      0      0      0      0      0      0      0      0      0      0      0      0      0      0      0      0 
     0      0      0      0      0      0      0      0      0      0      0      0      0      0      0      0      0      0      0      0      0      0      0      0 
     0      0      0      0      0      0      0      0      0      0      0      0      0      0      0      0      0      0      0      0      0      0      0      0 
     0      0      0      0      0      0      0      0      0      0      0      0      0      0      0      0      0      0      0      0      0      0      0      0 
     0      0      0      0      0      0      0      0      0      0      0      0      0      0      0      0      0      0      0      0      0      0      0      0 
-14500      0      0      0      0      0      0      0      0      0      0      0      0      0      0      0      0      0      0      0      0      0      0 -20600 


 -7682  -7947  -8213  -8478  -8743  -9008  -9273  -9539  -9804 -10069 -10334 -10600 -10865 -11130 -11395 -11660 -11926 -12191 -12456 -12721 -12986 -13252 -13517 -13782 
 -8137  -8402  -8667  -8932  -9197  -9463  -9728  -9993 -10258 -10524 -10789 -11054 -11319 -11584 -11850 -12115 -12380 -12645 -12911 -13176 -13441 -13706 -13971 -14237 
 -8591  -8856  -9122  -9387  -9652  -9917 -10182 -10448 -10713 -10978 -11243 -11508 -11774 -12039 -12304 -12569 -12835 -13100 -13365 -13630 -13895 -14161 -14426 -14691 
 -9046  -9311  -9576  -9841 -10106 -10372 -10637 -10902 -11167 -11433 -11698 -11963 -12228 -12493 -12759 -13024 -13289 -13554 -13820 -14085 -14350 -14615 -14880 -15146 
 -9500  -9765 -10031 -10296 -10561 -10826 -11091 -11357 -11622 -11887 -12152 -12417 -12683 -12948 -13213 -13478 -13744 -14009 -14274 -14539 -14804 -15070 -15335 -15600 
 -9955 -10220 -10485 -10750 -11015 -11281 -11546 -11811 -12076 -12342 -12607 -12872 -13137 -13402 -13668 -13933 -14198 -14463 -14728 -14994 -15259 -15524 -15789 -16055 
-10409 -10674 -10940 -11205 -11470 -11735 -12000 -12266 -12531 -12796 -13061 -13326 -13592 -13857 -14122 -14387 -14653 -14918 -15183 -15448 -15713 -15979 -16244 -16509 
-10864 -11129 -11394 -11659 -11924 -12190 -12455 -12720 -12985 -13251 -13516 -13781 -14046 -14311 -14577 -14842 -15107 -15372 -15637 -15903 -16168 -16433 -16698 -16964 
-11318 -11583 -11848 -12114 -12379 -12644 -12909 -13175 -13440 -13705 -13970 -14235 -14501 -14766 -15031 -15296 -15562 -15827 -16092 -16357 -16622 -16888 -17153 -17418 
-11773 -12038 -12303 -12568 -12833 -13099 -13364 -13629 -13894 -14160 -14425 -14690 -14955 -15220 -15486 -15751 -16016 -16281 -16546 -16812 -17077 -17342 -17607 -17873 
-12227 -12492 -12757 -13023 -13288 -13553 -13818 -14084 -14349 -14614 -14879 -15144 -15410 -15675 -15940 -16205 -16471 -16736 -17001 -17266 -17531 -17797 -18062 -18327 
-12682 -12947 -13212 -13477 -13742 -14008 -14273 -14538 -14803 -15068 -15334 -15599 -15864 -16129 -16395 -16660 -16925 -17190 -17455 -17721 -17986 -18251 -18516 -18782 
-13136 -13401 -13666 -13932 -14197 -14462 -14727 -14993 -15258 -15523 -15788 -16053 -16319 -16584 -16849 -17114 -17380 -17645 -17910 -18175 -18440 -18706 -18971 -19236 
-13591 -13856 -14121 -14386 -14651 -14917 -15182 -15447 -15712 -15977 -16243 -16508 -16773 -17038 -17304 -17569 -17834 -18099 -18364 -18630 -18895 -19160 -19425 -19691 
-14045 -14310 -14575 -14841 -15106 -15371 -15636 -15902 -16167 -16432 -16697 -16962 -17228 -17493 -17758 -18023 -18288 -18554 -18819 -19084 -19349 -19615 -19880 -20145 
-14500 -14765 -15030 -15295 -15560 -15826 -16091 -16356 -16621 -16886 -17152 -17417 -17682 -17947 -18213 -18478 -18743 -19008 -19273 -19539 -19804 -20069 -20334 -20600 
