 -2500      0      0      0      0      0      0      0      0      0      0  -4600      0      0      0      0      0      0      0      0      0      0      0  -8700 
     0      0      0      0      0      0      0      0      0      0      0      0      0      0      0      0      0      0      0      0      0      0      0      0 
     0      0      0      0      0      0      0      0      0      0      0      0      0      0      0      0      0      0      0      0      0      0      0      0 
     0      0      0      0      0      0      0      0      0      0      0      0      0      0      0      0      0      0      0      0      0      0      0      0 
     0      0      0      0      0      0      0      0      0      0      0      0      0      0      0      0      0      0      0      0      0      0      0      0 
     0      0      0      0      0      0      0      0      0      0      0      0      0      0      0      0      0      0      0      0      0      0      0      0 
     0      0      0      0      0      0      0      0      0      0      0      0      0      0      0      0      0      0      0      0      0      0      0      0 
     0      0      0      0      0      0      0      0      0      0      0      0      0      0      0      0      0      0      0      0      0      0      0      0 
     0      0      0      0      0      0      0  -5700      0      0      0      0      0      0      0  -6700      0      0      0      0      0      0      0      0 
     0      0      0      0      0      0      0      0      0      0      0      0      0      0      0      0      0      0      0      0      0      0      0      0 
     0      0      0      0      0      0      0      0      0      0      0      0      0      0      0      0      0      0      0      0      0      0      0      0 
     0      0      0      0      0      0      0      0      0      0      0      0      0      0      0      0      0      0      0      0      0      0      0      0 
     0      0      0      0      0      0      0      0      0      0      0      0      0      0      0      0      0      0      0      0      0      0      0      0 
     0      0      0      0      0      0      0      0      0      0      0      0      0      0      0      0      0      0      0      0      0      0      0      0 
     0      0      0      0      0      0      0      0      0      0      0      0      0      0      0      0      0      0      0      0      0      0      0      0 
 -5900      0      0      0      0      0      0      0      0      0      0  -7600      0      0      0      0      0      0      0      0      0      0      0 -12500 


 -2004  -2276  -2548  -2819  -3091  -3362  -3634  -3906  -4177  -4449  -4721  -4992  -5264  -5535  -5807  -6079  -6350  -6622  -6893  -7165  -7437  -7708  -7980  -8251 
 -2229  -2501  -2773  -3044  -3316  -3587  -3859  -4131  -4402  -4674  -4945  -5217  -5489  -5760  -6032  -6303  -6575  -6847  -7118  -7390  -7661  -7933  -8205  -8476 
 -2454  -2726  -2998  -3269  -3541  -3812  -4084  -4356  -4627  -4899  -5170  -5442  -5714  -5985  -6257  -6528  -6800  -7072  -7343  -7615  -7886  -8158  -8430  -8701 
 -2679  -2951  -3222  -3494  -3766  -4037  -4309  -4580  -4852  -5124  -5395  -5667  -5938  -6210  -6482  -6753  -7025  -7297  -7568  -7840  -8111  -8383  -8655  -8926 
 -2904  -3176  -3447  -3719  -3991  -4262  -4534  -4805  -5077  -5349  -5620  -5892  -6163  -6435  -6707  -6978  -7250  -7521  -7793  -8065  -8336  -8608  -8879  -9151 
 -3129  -3401  -3672  -3944  -4215  -4487  -4759  -5030  -5302  -5573  -5845  -6117  -6388  -6660  -6932  -7203  -7475  -7746  -8018  -8290  -8561  -8833  -9104  -9376 
 -3354  -3626  -3897  -4169  -4440  -4712  -4984  -5255  -5527  -5798  -6070  -6342  -6613  -6885  -7156  -7428  -7700  -7971  -8243  -8514  -8786  -9058  -9329  -9601 
 -3579  -3850  -4122  -4394  -4665  -4937  -5209  -5480  -5752  -6023  -6295  -6567  -6838  -7110  -7381  -7653  -7925  -8196  -8468  -8739  -9011  -9283  -9554  -9826 
 -3804  -4075  -4347  -4619  -4890  -5162  -5433  -5705  -5977  -6248  -6520  -6791  -7063  -7335  -7606  -7878  -8149  -8421  -8693  -8964  -9236  -9507  -9779 -10051 
 -4029  -4300  -4572  -4844  -5115  -5387  -5658  -5930  -6202  -6473  -6745  -7016  -7288  -7560  -7831  -8103  -8374  -8646  -8918  -9189  -9461  -9732 -10004 -10276 
 -4254  -4525  -4797  -5068  -5340  -5612  -5883  -6155  -6426  -6698  -6970  -7241  -7513  -7784  -8056  -8328  -8599  -8871  -9143  -9414  -9686  -9957 -10229 -10501 
 -4479  -4750  -5022  -5293  -5565  -5837  -6108  -6380  -6651  -6923  -7195  -7466  -7738  -8009  -8281  -8553  -8824  -9096  -9367  -9639  -9911 -10182 -10454 -10725 
 -4703  -4975  -5247  -5518  -5790  -6061  -6333  -6605  -6876  -7148  -7419  -7691  -7963  -8234  -8506  -8778  -9049  -9321  -9592  -9864 -10136 -10407 -10679 -10950 
 -4928  -5200  -5472  -5743  -6015  -6286  -6558  -6830  -7101  -7373  -7644  -7916  -8188  -8459  -8731  -9002  -9274  -9546  -9817 -10089 -10360 -10632 -10904 -11175 
 -5153  -5425  -5696  -5968  -6240  -6511  -6783  -7055  -7326  -7598  -7869  -8141  -8413  -8684  -8956  -9227  -9499  -9771 -10042 -10314 -10585 -10857 -11129 -11400 
 -5378  -5650  -5921  -6193  -6465  -6736  -7008  -7279  -7551  -7823  -8094  -8366  -8637  -8909  -9181  -9452  -9724  -9995 -10267 -10539 -10810 -11082 -11353 -11625 
