     0      0      0      0      0      0      0      0      0      0      0      0      0      0      0      0      0      0      0      0      0      0      0  -2600 
     0      0      0      0      0      0      0      0      0      0      0      0      0      0      0      0      0      0      0      0      0      0      0      0 
     0      0      0      0      0      0      0      0      0      0      0      0      0      0      0      0      0      0      0      0      0      0      0      0 
     0      0      0      0      0      0      0      0      0      0      0      0      0      0      0      0      0      0      0      0      0      0      0      0 
     0      0      0      0      0      0      0      0      0      0      0      0      0      0      0      0      0      0      0      0      0      0      0      0 
     0      0      0      0      0      0      0      0      0      0      0      0      0      0      0      0      0      0      0      0      0      0      0      0 
     0      0      0      0      0      0      0      0      0      0      0      0      0      0      0      0      0      0      0      0      0      0      0      0 
     0      0      0      0      0      0      0      0      0      0      0      0      0      0      0      0      0      0      0      0      0      0      0      0 
     0      0      0      0      0      0      0   -200      0      0      0      0      0      0      0   -200      0      0      0      0      0      0      0      0 
     0      0      0      0      0      0      0      0      0      0      0      0      0      0      0      0      0      0      0      0      0      0      0      0 
     0      0      0      0      0      0      0      0      0      0      0      0      0      0      0      0      0      0      0      0      0      0      0      0 
     0      0      0      0      0      0      0      0      0      0      0      0      0      0      0      0      0      0      0      0      0      0      0      0 
     0      0      0      0      0      0      0      0      0      0      0      0      0      0      0      0      0      0      0      0      0      0      0      0 
     0      0      0      0      0      0      0      0      0      0      0      0      0      0      0      0      0      0      0      0      0      0      0      0 
     0      0      0      0      0      0      0      0      0      0      0      0      0      0      0      0      0      0      0      0      0      0      0      0 
   100      0      0      0      0      0      0      0      0      0      0  -1100      0      0      0      0      0      0      0      0      0      0      0  -4000 


   958    819    679    540    400    261    121    -18   -158   -297   -437   -576   -716   -855   -995  -1134  -1274  -1413  -1552  -1692  -1831  -1971  -2110  -2250 
   907    768    628    489    349    210     70    -69   -209   -348   -488   -627   -767   -906  -1046  -1185  -1325  -1464  -1603  -1743  -1882  -2022  -2161  -2301 
   856    717    577    438    298    159     19   -120   -260   -399   -539   -678   -818   -957  -1097  -1236  -1376  -1515  -1654  -1794  -1933  -2073  -2212  -2352 
   805    665    526    387    247    108    -32   -171   -311   -450   -590   -729   -869  -1008  -1148  -1287  -1427  -1566  -1706  -1845  -1984  -2124  -2263  -2403 
   754    614    475    336    196     57    -83   -222   -362   -501   -641   -780   -920  -1059  -1199  -1338  -1478  -1617  -1757  -1896  -2035  -2175  -2314  -2454 
   703    563    424    285    145      6   -134   -273   -413   -552   -692   -831   -971  -1110  -1250  -1389  -1529  -1668  -1808  -1947  -2086  -2226  -2365  -2505 
   652    512    373    234     94    -45   -185   -324   -464   -603   -743   -882  -1022  -1161  -1301  -1440  -1580  -1719  -1859  -1998  -2137  -2277  -2416  -2556 
   601    461    322    183     43    -96   -236   -375   -515   -654   -794   -933  -1073  -1212  -1352  -1491  -1631  -1770  -1910  -2049  -2188  -2328  -2467  -2607 
   550    410    271    132     -8   -147   -287   -426   -566   -705   -845   -984  -1124  -1263  -1403  -1542  -1682  -1821  -1961  -2100  -2239  -2379  -2518  -2658 
   499    359    220     80    -59   -198   -338   -477   -617   -756   -896  -1035  -1175  -1314  -1454  -1593  -1733  -1872  -2012  -2151  -2291  -2430  -2569  -2709 
   448    308    169     29   -110   -249   -389   -528   -668   -807   -947  -1086  -1226  -1365  -1505  -1644  -1784  -1923  -2063  -2202  -2342  -2481  -2620  -2760 
   397    257    118    -22   -161   -300   -440   -579   -719   -858   -998  -1137  -1277  -1416  -1556  -1695  -1835  -1974  -2114  -2253  -2393  -2532  -2671  -2811 
   346    206     67    -73   -212   -351   -491   -630   -770   -909  -1049  -1188  -1328  -1467  -1607  -1746  -1886  -2025  -2165  -2304  -2444  -2583  -2722  -2862 
   295    155     16   -124   -263   -402   -542   -681   -821   -960  -1100  -1239  -1379  -1518  -1658  -1797  -1937  -2076  -2216  -2355  -2495  -2634  -2773  -2913 
   244    104    -35   -175   -314   -453   -593   -732   -872  -1011  -1151  -1290  -1430  -1569  -1709  -1848  -1988  -2127  -2267  -2406  -2546  -2685  -2824  -2964 
   193     53    -86   -226   -365   -505   -644   -783   -923  -1062  -1202  -1341  -1481  -1620  -1760  -1899  -2039  -2178  -2318  -2457  -2597  -2736  -2876  -3015 
